#cellName, zone, surfaceSize [m2], coordinate pairs of each corner
NW, ZNW, INF, (-1.5|4) (-0.5|4) (-0.5|5) (-1.5|5)
NWGATE, ZNWGATE, INF, (-1.5|3) (-0.5|3) (-0.5|4) (-1.5|4)
N, ZN, INF, (-0.5|4) (0.5|4) (0.5|5) (-0.5|5)
NGATE, ZNGATE, INF, (-0.5|3) (0.5|3) (0.5|4) (-0.5|4)
NE, ZNE, INF, (0.5|4) (1.5|4) (1.5|5) (0.5|5)
NEGATE, ZNEGATE, INF, (0.5|3) (1.5|3) (1.5|4) (0.5|4)
E, ZE, INF, (3.5|0) (4.5|0) (4.5|2) (3.5|2)
EGATE, ZEGATE, INF, (2.5|0) (3.5|0) (3.5|2) (2.5|2)
SWHELPER, ZSWHELPER, INF, (-2.5|-2) (-1.5|-2) (-1.5|-1) (-2.5|-1)
SWHELPERGATE, ZSWHELPERGATE, INF, (-2.5|-1) (-1.5|-1) (-1.5|0) (-2.5|0)
SW, ZSW, INF, (-1.5|-2) (-0.5|-2) (-0.5|-1) (-1.5|-1)
SWGATE, ZSWGATE, INF, (-1.5|-1) (-0.5|-1) (-0.5|0) (-1.5|0)
S, ZS, INF, (-0.5|-2) (0.5|-2) (0.5|-1) (-0.5|-1)
SGATE, ZSGATE, INF, (-0.5|-1) (0.5|-1) (0.5|0) (-0.5|0)
SE, ZSE, INF, (0.5|-2) (1.5|-2) (1.5|-1) (0.5|-1)
SEGATE, ZSEGATE, INF, (0.5|-1) (1.5|-1) (1.5|0) (0.5|0)
SEHELPER, ZSEHELPER, INF, (1.5|-2) (2.5|-2) (2.5|-1) (1.5|-1)
SEHELPERGATE, ZSEHELPERGATE, INF, (1.5|-1) (2.5|-1) (2.5|0) (1.5|0)
W, ZW, INF, (-4.5|0) (-3.5|0) (-3.5|2) (-4.5|2)
WGATE, ZWGATE, INF, (-3.5|0) (-2.5|0) (-2.5|2) (-3.5|2)
A1, ZCENTER, 3.24, (-2.5|2) (-1.5|2) (-1.5|3) (-2.5|3)
A2, ZCENTER, 2.808, (-1.5|2) (-0.5|2) (-0.5|3) (-1.5|3)
A3, ZCENTER, 3.24, (-0.5|2) (0.5|2) (0.5|3) (-0.5|3)
A4, ZCENTER, 2.808, (0.5|2) (1.5|2) (1.5|3) (0.5|3)
A5, ZCENTER, 3.24, (1.5|2) (2.5|2) (2.5|3) (1.5|3)
B1, ZCENTER, 3.24, (-2.5|1) (-1.5|1) (-1.5|2) (-2.5|2)
B2, ZCENTER, 3.24, (-1.5|1) (-0.5|1) (-0.5|2) (-1.5|2)
B3, ZCENTER, 3.24, (-0.5|1) (0.5|1) (0.5|2) (-0.5|2)
B4, ZCENTER, 3.24, (0.5|1) (1.5|1) (1.5|2) (0.5|2)
B5, ZCENTER, 3.24, (1.5|1) (2.5|1) (2.5|2) (1.5|2)
C1, ZCENTER, 3.24, (-2.5|0) (-1.5|0) (-1.5|1) (-2.5|1)
C2, ZCENTER, 3.24, (-1.5|0) (-0.5|0) (-0.5|1) (-1.5|1)
C3, ZCENTER, 3.24, (-0.5|0) (0.5|0) (0.5|1) (-0.5|1)
C4, ZCENTER, 3.24, (0.5|0) (1.5|0) (1.5|1) (0.5|1)
C5, ZCENTER, 3.24, (1.5|0) (2.5|0) (2.5|1) (1.5|1)