#cellName, zone, surfaceSize [m2], coordinate pairs of each corner
C1, ZCW, 2.25, (-1.5|0) (0|0) (0|1.5) (-1.5|1.5)
C2, ZCW, 2.25, (0|0) (1.5|0) (1.5|1.5) (0|1.5)
C3, ZCW, 2.25, (-1.5|-1.5) (0|-1.5) (0|0) (-1.5|0)
C4, ZCW, 2.25, (0|-1.5) (1.5|-1.5) (1.5|0) (0|0)
WEST, ZW, INF, (-7|-1.5) (-5.75|-1.5) (-5.75|1.5) (-7|1.5)
WGATE, ZWGATE, INF, (-5.75|-1.5) (-4.5|-1.5) (-4.5|1.5) (-5.75|1.5)
W1, ZWW, 2.25, (-4.5|0) (-3|0) (-3|1.5) (-4.5|1.5)
W2, ZWW, 2.25, (-3|0) (-1.5|0) (-1.5|1.5) (-3|1.5)
W3, ZWW, 2.25, (-4.5|-1.5) (-3|-1.5) (-3|0) (-4.5|0)
W4, ZWW, 2.25, (-3|-1.5) (-1.5|-1.5) (-1.5|0) (-3|0)
E1, ZEW, 2.25, (1.5|0) (3|0) (3|1.5) (1.5|1.5)
E2, ZEW, 2.25, (3|0) (4.5|0) (4.5|1.5) (3|1.5)
E3, ZEW, 2.25, (1.5|-1.5) (3|-1.5) (3|0) (1.5|0)
E4, ZEW, 2.25, (3|-1.5) (4.5|-1.5) (4.5|0) (3|0)
EGATE, ZEGATE, INF, (4.5|-1.5) (5.75|-1.5) (5.75|1.5) (4.5|1.5)
EAST, ZE, INF, (5.75|-1.5) (7|-1.5) (7|1.5) (5.75|1.5
